#trashed trolling accounts
926683471071000960
926691772581691434
926689282943484004
926695045409673227
926692455343063060
926686953812926564
926696790152065044
926687648205111318
926685465980047380
926684146003222558
959986174054060104
926688455008845874
913355695900995615
913356671458361344
913356678441877524
913355669732741141
913356478008659968
913354409268895744
913356637731958844
913356389362044929
913356326304890880
923476529411915847
919144392592351262
912262928877645824
911935206292877352
912260895038656573
912304868943884328
927015066639933471
927012885748674601
927010692035395625
927012223568711681
927011541105139733
927013548595511397
